2989
2.9199214 4.6375952
3.0796574 4.6295243
2.9635694 4.6457711
3.0065883 4.7026787
3.2086649 4.5721825
3.1153846 4.6131984
3.1520612 4.5412769
3.2538863 4.4433623
3.3662802 4.4855984
3.4200385 4.5402138
3.3293473 4.6437028
3.2309024 4.7207591
3.0935451 4.7308169
3.0464228 4.7980538
3.0746812 4.8055338
3.1266405 4.8024431
3.149076 4.7593786
3.2900944 4.7707337
3.2849595 4.7501022
3.3233945 4.6540765
3.3574004 4.7837133
3.4351244 4.8014004
3.6071868 4.8320741
3.4238179 4.7805071
3.4613055 4.6994564
3.5808748 4.6453792
3.5527596 4.6487824
3.4441735 4.5733496
3.6212503 4.6178217
3.6796102 4.7087197
3.4856086 4.7597901
3.5045776 4.7757946
3.4544532 4.7768006
3.7308262 4.7892349
3.5749092 4.7722741
3.8722311 4.742493
4.0392091 4.8216414
4.0410746 4.8275069
3.8612649 4.7560832
3.8562875 4.8538546
3.7153478 4.8007088
3.571793 4.7986983
3.8169348 4.8683481
3.5376076 4.887801
3.5996465 4.9138654
3.6187622 4.9258508
3.1770446 4.9231701
3.2161662 4.8956173
3.2367376 4.8620689
3.1689169 4.8810991
3.010405 4.8576756
3.1021983 4.9462833
3.5672346 4.9541857
3.7695122 4.9806519
3.3845557 4.9690948
3.0438081 4.9650381
2.8833851 4.9627855
2.8237823 4.9712824
2.9644061 4.8869659
2.726509 4.9648156
2.1752578 4.9830977
2.0128423 4.9895628
1.852892 4.9865845
2.2240889 4.9975941
2.8470116 4.983659
3.2104423 4.9964234
3.3307349 4.9713641
3.438304 4.9869115
4.5203172 4.9959219
4.1396008 4.9662786
3.8417982 4.9368114
4.0252082 4.8847962
4.2158664 4.8490637
4.1920794 4.7990958
4.2514051 4.7497227
4.2863967 4.7640678
4.3821249 4.7818904
4.2698275 4.7349274
3.907334 4.6309952
3.6779023 4.5941872
3.6579208 4.5433971
3.8328394 4.483866
3.7127106 4.3796906
3.6148424 4.4628539
3.5801841 4.520575
3.5611381 4.4290282
3.6406473 4.3673038
3.6179441 4.365896
3.7860998 4.2291856
3.7050783 4.3361027
3.9253629 4.4575435
3.7658307 4.5635896
3.8497328 4.5950053
3.9092991 4.6141693
3.9307113 4.6166437
4.2687468 4.6469582
3.8907842 4.6173349
4.5021153 4.7995065
4.50263 4.8610997
4.4294228 4.8759334
4.3379696 4.8330726
4.2804594 4.7813027
4.3140453 4.8378216
4.0964214 4.9459685
4.422834 4.9825848
4.3434077 4.9684964
4.336693 4.918564
4.6091198 4.9846886
4.8389558 4.9772205
4.7960294 4.9269352
4.7612647 4.9564828
4.5755372 4.8865446
4.5648433 4.7613343
4.6390828 4.8083405
4.567014 4.7374603
4.5244176 4.6921451
4.5082734 4.6829099
4.2550197 4.3234636
4.4355465 4.3354808
4.4994301 4.3689394
4.5095359 4.3871931
4.4176019 4.3650275
4.5717582 4.4559512
4.5725303 4.4697621
4.5743975 4.669315
4.629296 4.7530088
4.6836998 4.7849653
4.7581718 4.8952711
4.7904974 4.8385696
4.786726 4.8008606
4.7731132 4.7756534
4.737723 4.7205043
4.6700456 4.74854
4.6846058 4.6154048
4.6826534 4.5857403
4.6074243 4.1778317
4.6076894 4.0733766
4.7150379 4.5165824
4.687464 4.5484699
4.6948414 4.5721754
4.7081134 4.6921424
4.8035296 4.6884558
4.9139796 4.7680844
4.8530611 4.5760816
4.8877727 4.5967408
4.845626 4.3799754
4.8594778 4.2321644
4.9235546 4.5233729
4.922466 4.7561086
4.9361301 4.3541824
4.9477223 4.1674345
4.9566103 4.3016118
4.9763732 4.2910782
4.9332942 3.8851067
4.9406505 4.104384
4.9338651 4.2559751
4.911908 4.152766
4.8572856 4.1061072
4.8560383 4.0883177
4.8492417 3.9799319
4.8764571 3.9867242
4.9114379 3.8214345
4.8809296 3.7331364
4.9074042 3.7628057
4.885349 3.7133696
4.959313 3.7458433
4.9208988 3.5906772
4.8745824 3.5333072
4.8792836 3.5892806
4.8618057 3.5626754
4.8631701 3.7096369
4.7436858 3.6729321
4.8541273 3.7254374
4.8503659 3.7953495
4.711527 3.7824575
4.7757171 3.8394295
4.7137099 3.9157933
4.7772563 3.9899845
4.7191344 4.0034792
4.6782115 4.0146946
4.6662956 3.9661543
4.6022683 3.7075521
4.6560419 3.6588592
4.955183 3.3859874
4.9759966 3.3093283
4.9734791 3.2551656
4.9719818 3.1697109
4.9614016 3.3605586
4.946259 3.2755509
4.919971 3.0993627
4.9905356 3.0861409
4.9491302 2.8385153
4.9046763 2.9308893
4.906274 2.9529184
4.8215535 3.0135649
4.7930702 2.9924848
4.7461203 3.0630956
4.7538001 2.9236557
4.7637214 2.9008095
4.7773829 2.9101587
4.8244984 2.9114774
4.8537213 2.8970137
4.8126368 2.7953799
4.6661093 2.8172966
4.7472206 2.8209204
4.5907497 2.983325
4.5977703 2.9549732
4.5687879 2.9816171
4.6105539 3.0084361
4.7229857 3.0959884
4.5388117 2.9692148
4.4614245 3.021442
4.6009164 3.1294042
4.648216 3.1638802
4.5112619 3.1166797
4.4186582 3.1096117
4.4087253 3.1223592
4.3183976 3.188103
4.2605582 3.0279315
4.2393984 2.9643928
4.5420171 2.9654188
4.5838629 2.8767476
4.5788152 2.8628051
4.365292 2.9045846
4.3580344 2.9501785
4.3351722 2.8174536
4.3506791 2.9128516
4.3125093 2.8846865
4.2181274 2.8780271
4.1356962 2.8182782
4.1245009 2.7896179
4.1472836 2.7797329
4.2177377 2.7875093
4.4369524 2.8280531
4.1178735 2.6977747
4.1835988 2.7071124
4.2460691 2.744608
4.2659644 2.7065981
4.3323967 2.5556738
4.3327557 2.6677962
4.4848497 2.7301938
4.627588 2.7558694
4.6938718 2.5876219
4.4048669 2.6141913
4.3897641 2.5235679
4.4327123 2.560487
4.4679894 2.5807678
4.4543733 2.5350543
4.4352982 2.4665248
4.4985472 2.344615
4.5269151 2.387473
4.5070509 2.4846129
4.5670233 2.376228
4.5731926 2.3739361
4.5213794 2.3553913
4.4976406 2.2590531
4.462955 2.2905265
4.4550105 2.2472078
4.422945 2.2581476
4.2760052 2.4547814
4.2759889 2.1958358
4.2024081 2.1470876
4.0541248 2.2694306
4.0305678 2.2939792
4.1331061 2.2150915
4.2168187 2.2335418
4.1894365 2.3834549
4.2551222 2.4872617
4.2637054 2.4916969
4.305345 2.4484199
4.2397891 2.6024366
4.2241852 2.5801291
4.1543828 2.4880081
3.9877017 2.338736
4.0197566 2.3694858
4.1093226 2.4506006
4.197644 2.6660602
4.1784896 2.6635242
4.110953 2.6101306
4.0762306 2.7345889
4.0257384 2.7431769
3.9619885 2.7543461
3.9292245 2.7540226
3.8392197 2.5910379
3.7960342 2.608093
3.8293634 2.5134112
3.8706411 2.560625
3.9429951 2.4004666
3.8964331 2.191278
3.9831392 2.1398699
3.910222 2.1310342
3.8684795 2.2021475
3.8880773 2.1951104
3.7436665 2.6107816
3.7270426 2.5932494
3.8066533 2.231386
3.7026355 2.2257811
3.7312116 2.2773216
3.7093981 2.3245228
3.6720982 2.468851
3.5238688 2.4339454
3.5407889 2.3890127
3.5055391 2.2796002
3.6287224 2.2942072
3.6313967 2.186717
3.858489 2.1929836
4.0101826 1.9590252
3.9926474 1.8670446
4.0248641 1.750318
4.0337482 1.8658228
4.0695854 1.8890407
4.1542184 2.0342785
4.2711519 2.1005594
4.2339545 2.0256667
4.1742585 1.9428895
4.2032845 1.8794007
4.1819002 1.8600876
4.0679408 1.6835541
4.0532334 1.7008607
3.7058474 1.6546679
3.7809731 1.6186374
3.9041399 1.5731985
4.0884526 1.566936
3.9800052 1.5741768
3.9775168 1.6471083
4.0958537 1.6675076
4.1872466 1.6986988
4.2464886 1.7186507
4.235244 1.6343762
4.3111174 1.6580618
4.2734153 1.7154407
4.2958664 1.8358714
4.2461445 1.7730346
4.1915639 1.7791289
4.2665327 2.0262243
4.3765278 2.1611284
4.447413 2.1057185
4.4634042 2.185198
4.4346109 2.0314267
4.4398369 2.0551096
4.435619 2.0155904
4.5303618 1.9587504
4.5330342 1.9622052
4.6381646 2.1961866
4.5987122 2.1588384
4.5928797 2.1857541
4.6301193 2.2350651
4.6604615 2.3162757
4.6290726 1.9355322
4.676629 2.0925295
4.7507767 1.5663635
4.7495448 1.7253216
4.7500416 1.7309456
4.7714614 1.5157545
4.7626709 1.3194591
4.7283671 1.3564978
4.6972619 1.6955895
4.6851452 1.6922147
4.605222 1.6310947
4.699827 1.7726174
4.5754564 1.8822137
4.5574745 1.6814714
4.4204916 1.8149762
4.3754605 1.8500251
4.358196 1.8991299
4.3420015 1.8754016
4.3274142 1.8669286
4.4076677 1.6945497
4.4524001 1.7346946
4.5020964 1.6864833
4.4656659 1.6353196
4.5945222 1.5819945
4.6860622 1.5730781
4.484568 1.5375442
4.3405708 1.5988487
4.2985455 1.5391578
4.2899166 1.5207218
4.2664254 1.5607103
4.2413893 1.4902758
4.3104417 1.4137373
4.3660196 1.4034342
4.3180502 1.356699
4.3281052 1.3543733
4.3405097 1.3083258
4.4418723 1.3377362
4.3953414 1.4062826
4.4068837 1.4295761
4.6091063 1.4863993
4.6889539 1.2823535
4.6595566 1.1310118
4.4974623 1.2441308
4.4017334 1.2191317
4.5135485 1.2745721
4.5985764 1.2805459
4.6386977 1.3274205
4.2881068 1.198683
4.2795928 1.2431308
4.2397085 1.1887238
4.1226758 1.0968186
4.2271254 1.1873101
4.0746304 1.1277392
4.2082279 1.2027306
4.1129637 1.1745908
4.0072246 1.1106108
4.0229317 1.0791474
4.087675 1.0555817
4.082325 1.0382978
3.963734 1.0102678
3.8887294 1.1964643
4.143067 1.3905014
4.1669447 1.4013778
4.0994503 1.3562762
4.2168115 1.2739836
4.1844676 1.4172852
4.2169463 1.4606448
4.1574383 1.6059676
4.1623545 1.5250659
4.1658205 1.4575867
4.1190386 1.5020811
3.9169825 1.3579872
3.9051672 1.3072817
4.0765933 1.3817136
3.851345 1.2637529
3.8868115 1.2784105
3.8541074 1.0725461
3.8260317 1.2461373
3.7335022 1.2596779
3.6244563 1.2621035
3.6478953 1.3101007
3.6864813 1.3244937
3.8746141 1.4114963
3.7756743 1.3872125
3.7266884 1.5625567
3.5967242 1.445299
3.5892856 1.348519
3.5708454 1.2335562
3.6328825 1.2106175
3.541878 1.1883419
3.4241294 1.1528399
3.5071209 1.1348942
3.5825554 1.0727515
3.8098448 0.8492824
3.8010643 0.8607056
3.9124856 0.775362
3.9941463 0.9141653
4.0153027 0.7985495
4.1006107 0.8487353
3.9118234 0.6984753
3.9263209 0.6069148
3.9068839 0.596283
3.9328967 0.6096299
4.2175374 0.8699723
4.1981727 0.8698513
4.3318593 0.9474386
4.3681264 0.7920396
4.4176109 0.6923303
4.4259891 0.7006807
4.3881001 0.8222108
4.3557315 0.9240609
4.4418776 0.994195
4.463383 1.0336178
4.4736763 1.0482141
4.4556176 1.0377244
4.3562347 0.9603568
4.3023223 0.9896311
4.2909146 1.0772331
4.2933512 1.1043891
4.3430197 1.2062972
4.366501 1.2099949
4.3493698 1.1511414
4.3779145 1.1201273
4.4369608 1.0950187
4.4660168 1.1509737
4.5454474 1.0076411
4.5324471 0.7867395
4.5490347 0.784847
4.5963445 0.7955864
4.6519445 0.7529567
4.7018682 0.7771941
4.694376 0.6963601
4.6882661 0.6466304
4.8041154 0.5990065
4.7078282 0.5176947
4.7514683 0.5077973
4.5482446 0.3751118
4.770756 0.2719741
4.7998283 0.2696077
4.8220311 0.3612595
4.8697279 0.2578583
4.8469086 0.4590071
4.8612641 0.3502468
4.8486387 0.6406151
4.8390651 0.6771457
4.8402598 1.0382835
4.8563095 0.7823214
4.8814056 0.6489596
4.9324348 0.2705131
4.9314781 0.5245012
4.903553 0.9557279
4.8893546 1.0578363
4.8395476 1.1156617
4.8297396 1.3419078
4.79525 0.9446304
4.788693 0.8093497
4.7167273 0.7844292
4.6146302 0.8546735
4.7625371 0.842897
4.6377343 0.9798535
4.7122438 1.034232
4.7136501 1.0143921
4.7618728 1.2034373
4.7876513 1.4634306
4.7917912 1.5848896
4.8035082 1.7337183
4.8153485 1.6018298
4.8164565 1.5863268
4.8931759 1.532285
4.8391362 1.6766214
4.8547532 1.6658449
4.8830866 1.6209488
4.9612404 1.8700752
4.9943002 1.8767671
4.9395897 2.3919017
4.9229035 2.5248185
4.9049293 2.597266
4.8227539 2.6260568
4.7742418 2.5970869
4.7973033 2.5956792
4.7932136 2.3414098
4.8304917 2.2520626
4.8634655 2.4100236
4.9325941 2.0039909
4.8418063 1.9876236
4.8640671 2.1752793
4.8541386 2.1898562
4.8148668 1.9007298
4.755026 1.9098019
4.8213567 1.7194448
4.7417941 1.8459481
4.7543218 2.0743055
4.7497855 2.0617585
4.7151369 2.1139673
4.7348738 2.2037298
4.6594197 2.5476747
4.6353926 2.5455823
4.7532307 2.5732248
4.6764564 2.5130366
4.721939 2.3109994
4.7780414 2.6817055
4.8411226 2.7567862
4.89641 2.9204569
4.9233959 2.8546347
4.9122291 2.6775372
4.950469 2.3631517
4.9593082 2.7720524
4.9733846 2.2938595
4.9945783 2.0848621
4.9955692 1.6454561
4.9940795 1.5196146
4.9320123 1.5483848
4.9374265 1.4319719
4.9317889 0.9797588
5.0 1.1937154
4.9307342 0.8704485
4.9652891 0.7602281
4.992529 0.795903
4.9551251 0.6820591
4.9589311 0.4439594
4.975469 0.5537442
4.9987487 0.2632932
4.9842372 0.1307553
4.9734631 0.0072873
4.9789375 0.0796293
4.8644357 0.0
4.6239231 4.78e-05
4.2774691 0.0072511
4.6654405 0.0170702
4.5100174 0.0726926
4.4375718 0.1034547
4.5988904 0.0662648
4.646499 0.0677106
4.5364446 0.128025
4.8181639 0.1694827
4.814629 0.2145914
4.9810701 0.1953443
4.7677722 0.2648387
4.7805136 0.1839571
4.4464161 0.2910077
4.6699854 0.2608572
4.434415 0.3503506
4.4420826 0.4018251
4.5750837 0.7175341
4.5582194 0.746513
4.4177397 0.6733008
4.4247969 0.5434794
4.2291742 0.8595915
4.2859203 0.6418653
4.2406644 0.6514513
4.2341072 0.7519702
4.1579643 0.7341623
4.1202586 0.7147827
4.1394838 0.7049275
4.1644768 0.6927632
4.1710002 0.6014089
4.2077838 0.5142515
3.8793112 0.4853456
3.9572274 0.5139964
4.0170658 0.5816306
3.8772592 0.496768
3.8217688 0.4967585
3.8654313 0.4711977
3.8271923 0.4786885
3.708303 0.5087776
3.6858821 0.549738
3.6762974 0.6306766
3.5402152 0.6174197
3.5541762 0.6708368
3.7625066 0.6538802
3.8035536 0.6454803
3.8980942 0.6032452
3.8959748 0.7186526
3.8151438 0.8039979
3.6822337 0.8921119
3.6253137 0.9340502
3.6212095 0.9345042
3.5259769 0.9810649
3.4597589 0.9434616
3.4164579 0.926221
3.2008473 0.8231269
3.2137961 0.9007824
3.5190674 1.0400313
3.4939841 1.047463
3.2869366 1.0670117
3.2286588 1.0810769
3.2113517 1.0377358
3.1737513 1.0769377
3.162619 1.1393414
3.1512083 1.1161652
3.1341752 1.1770478
3.0184605 1.0321835
2.9438348 0.998011
2.9195541 1.0682934
2.8752084 1.1155455
2.7590763 1.1142928
2.7597428 1.0782449
2.745755 1.0862696
2.7157922 1.1447887
2.6727477 1.2243946
2.6477839 1.2325821
2.5131733 1.2703469
2.4781554 1.3181052
2.338455 1.3985021
2.4499845 1.3228281
2.1653353 1.4197292
2.2666807 1.4634463
2.2853342 1.4489475
2.4409744 1.3625308
2.3754706 1.4426212
2.4907687 1.372505
2.5341418 1.3372397
2.7553794 1.2140234
2.8233838 1.2064135
2.797202 1.1989376
2.9408655 1.1546332
2.9514491 1.1396892
2.9927652 1.0505057
3.01236 1.0575433
2.9586933 1.2059434
2.8756314 1.3033077
2.9050636 1.3062044
2.9123131 1.2750575
3.0043043 1.2912526
3.0026481 1.3980774
3.0695152 1.3262592
3.2020645 1.252678
3.1770674 1.1424696
3.2795005 1.090896
3.3844998 1.0756878
3.3402854 1.1479265
3.2876343 1.2231752
3.1611539 1.4810106
3.2588695 1.3772411
3.3019493 1.4069808
3.3595017 1.369021
3.4763629 1.396826
3.4746459 1.4289701
3.4851861 1.4168515
3.5526267 1.4618314
3.5993737 1.4684142
3.6511962 1.5678617
3.5587577 1.6150098
3.4201146 1.4895516
3.4677532 1.4669515
3.3718475 1.4462593
3.3545919 1.3801375
3.3510795 1.4804643
3.3242647 1.4692116
3.1033388 1.5255591
3.115951 1.4803256
3.0432424 1.4590721
2.9335615 1.3340222
2.9349033 1.4020848
2.9881712 1.4490109
3.0221564 1.4738397
2.9827373 1.5503246
3.0230896 1.7341404
3.2537533 1.6325751
3.2825682 1.6002027
3.1463287 1.6409154
3.1446279 1.62828
3.2532726 1.5343015
3.3475695 1.4963913
3.3089727 1.6517293
3.3501036 1.621931
3.450415 1.5793243
3.9019013 1.7842816
3.8536624 1.8828234
3.9677469 1.8177638
3.8856394 1.8789406
3.9098758 1.9238481
3.8628331 1.9799646
3.8121161 1.9094393
3.8222383 1.9031868
3.549831 2.0617021
3.658757 1.9484503
3.6195817 1.8616084
3.7060686 1.8694102
3.7622009 1.848498
3.8174005 1.8168134
3.4889082 1.6337177
3.4461358 1.6963309
3.5207203 1.755584
3.6127662 1.775028
3.6322761 1.8242754
3.6846555 1.8162025
3.6317411 1.8451273
3.3894319 1.7067493
3.3908274 1.7965824
3.4431964 1.9098353
3.4196529 1.9348919
3.457872 2.1351467
3.5066266 2.1572778
3.8492447 2.0047236
3.8663058 2.0162501
3.7748646 2.1117619
3.4617679 2.2515213
3.4839019 2.3197094
3.4394259 2.3900028
3.5904218 2.5416033
3.3422433 2.6559824
3.4022752 2.6949189
3.4457186 2.7527107
3.4887267 2.7519344
3.7068158 2.5556099
3.6509155 2.6105123
3.5476286 2.7889464
3.6189845 2.7459984
3.6559432 2.7831279
3.6004873 2.8537615
3.5195581 2.8635278
3.602712 2.9714546
3.7117555 3.0451782
3.7247728 3.120981
3.4381218 2.9045376
3.2986711 2.711985
3.2794664 2.7236491
3.3155914 2.8221057
3.3755675 2.9118491
3.4863158 2.9882402
3.4656144 2.9832461
3.4857837 3.025118
3.3813238 2.9249811
3.4898059 3.0417611
3.5298753 3.0866557
3.6886146 3.1796537
3.7465152 3.1865373
3.7592649 3.2676799
3.8175147 3.4450537
3.9336562 3.4472985
4.0274539 3.4367715
4.1360245 3.4179026
3.9776989 3.4136927
3.9216801 3.3183773
3.715625 2.8356218
3.710598 2.7020539
3.7863998 2.77471
3.9608971 2.9680979
4.1263067 3.158387
4.0206213 2.946825
4.1199552 3.0064994
4.0714579 2.7727907
4.2233673 2.8929532
4.2359842 3.0022767
4.2351207 3.0657795
4.2432125 3.3266599
4.1876459 3.3020862
3.9086781 3.0725276
4.0748489 3.300418
4.0902366 3.2674586
4.2357112 3.4237258
4.3052223 3.4239444
4.3192566 3.2514334
4.3264738 3.2517732
4.5040931 3.2550016
4.6081833 3.2991563
4.6677108 3.3713473
4.6642809 3.3934104
4.6153003 3.4429932
4.6043945 3.447771
4.537356 3.5102407
4.4044826 3.4254871
4.330899 3.4494773
4.4235931 3.5400939
4.4617247 3.7240874
4.4871071 3.6533464
4.4744001 3.7301449
4.4643933 3.8109683
4.4886961 3.6483946
4.5396663 3.5637229
4.6082274 3.4558664
4.7948048 3.2480853
4.7407539 3.2593935
4.7507201 3.2160599
4.7004468 3.1430103
4.7268932 3.1425641
4.7553563 3.1430978
4.7773463 3.1577178
4.8763108 3.2617789
4.8212372 3.2348581
4.7581821 3.3253478
4.7098772 3.3577193
4.6661839 3.4705974
4.7523164 3.3586449
4.7148196 3.449681
4.6758185 3.5947573
4.666847 3.5492737
4.6395743 3.5644881
4.5263925 3.6498842
4.559251 3.8159868
4.6662834 3.9766936
4.6743557 4.1816106
4.6226531 4.0063055
4.6136051 3.9933681
4.5160406 3.940904
4.5965451 4.2016106
4.6471187 4.4350454
4.6644765 4.5184773
4.6230354 4.3854594
4.5626523 4.0961441
4.5221495 4.1035205
4.4091643 3.929016
4.5450122 4.2469269
4.4601454 4.084431
4.4154168 4.1661829
4.3684927 4.1436574
4.3244342 4.0686782
4.3005939 4.0627848
4.3665509 4.1436877
4.5876432 4.3890617
4.4498635 4.3345765
4.4408481 4.3316777
4.3555783 4.3242744
4.2259973 4.149988
4.2246472 4.1079286
4.1792178 4.2099591
4.1777757 4.2141497
4.0983843 4.2513559
4.1206024 4.3032094
4.2113148 4.2352096
4.1886953 4.2549049
4.2309605 4.3740135
4.2371841 4.5706255
4.2699147 4.5089001
4.3420999 4.5565562
4.4033049 4.6271142
4.3037436 4.5933204
4.2733822 4.5735043
4.2441748 4.5961711
4.0605797 4.57895
3.9486609 4.5960515
4.0935395 4.5653147
4.0264143 4.4662184
4.089207 4.4000625
3.85837 4.216743
3.8697746 4.2026385
3.8117505 4.1463425
3.711272 4.1294455
3.7240516 4.1191238
3.8850766 4.0866333
3.9315088 4.0733973
4.0734516 4.169705
4.1319334 4.1191248
4.1120128 3.997346
4.0172718 3.951824
4.0542669 3.8710139
4.170706 4.0148828
4.2763092 4.0312444
4.3975319 3.976576
4.3654937 3.8678373
4.5249438 3.8986401
4.5244799 3.8457331
4.5572836 3.8602186
4.5133741 3.7529304
4.4778768 3.8779628
4.3929745 3.8470033
4.3871991 3.8577426
4.3562933 3.7865203
4.4279499 3.6654222
4.2797656 3.8244753
4.3040692 3.8510396
4.3060298 3.9137036
4.3147915 3.9328125
4.2980462 3.9324819
4.234015 3.8864737
4.1939148 3.8279771
4.1953906 3.7862983
4.1746867 3.7430485
4.1156359 3.7718081
4.1419514 3.8048126
4.1193014 3.8004572
3.9989365 3.7234167
4.009665 3.7371879
3.9849314 3.8440293
3.9748348 3.9475839
3.884813 3.9631151
3.7251319 4.0693905
3.7917608 3.9923188
3.6858009 4.0076615
3.6324743 4.0495793
3.7246379 4.0756899
3.7602605 4.1075756
3.5671684 4.1255504
3.4223795 4.2479172
3.61612 4.2929303
3.5006152 4.3787609
3.3434749 4.1852777
3.1989679 4.0434386
3.3629877 4.2231693
3.4307669 4.3294184
3.3481156 4.3283714
3.3598562 4.3837087
3.2855338 4.2699742
3.2805808 4.2522542
3.2722255 4.1406573
3.2267652 4.0858982
2.8742538 3.9984311
2.9500423 4.0393452
3.1140058 4.1488317
2.8499067 4.1332155
2.8027274 4.1879263
2.6497913 4.2028058
2.6436175 4.2025965
2.5559585 4.1193272
2.4447917 4.0785873
2.4648039 4.0426092
2.5957644 3.9575005
2.6717674 4.0657589
2.7577342 4.1317584
2.7393947 4.0204455
2.6899203 3.988317
2.737395 3.8967045
2.878504 3.9000647
2.8351068 3.8008401
3.0209493 3.9190569
3.1818851 4.0372151
3.2935326 4.0373163
2.8541526 3.7605495
2.8015461 3.7502606
2.7556023 3.7097818
2.7439156 3.8079086
2.7517869 3.7336076
2.4773899 3.6377548
2.7083547 3.6633413
2.7661013 3.7087289
2.7675705 3.6578976
3.0167464 3.5798155
2.8827869 3.5544058
3.082164 3.5067285
3.149813 3.6764532
3.146858 3.736055
2.9609986 3.7365787
2.9676941 3.7563176
3.020548 3.793724
3.2348697 3.8847679
3.1233646 3.8491861
3.3235545 3.9185037
3.4093813 3.856302
3.2622178 3.978465
3.5041986 3.9842185
3.6267424 4.034564
3.6874153 3.9881908
3.8113443 3.9707148
3.9336697 3.9374359
3.9143663 3.8863455
3.5238763 3.9501684
3.4921887 3.9302764
3.4749701 3.9311566
3.5931381 3.8689127
3.6942656 3.785946
3.7488613 3.747595
3.9282947 3.7584851
3.9742082 3.751158
3.8663222 3.7185271
3.729302 3.6697514
3.6055912 3.7935819
3.3588545 3.8514893
3.3835623 3.8151649
3.3478865 3.7516926
3.2744433 3.7033272
3.152975 3.6469797
3.2967563 3.4714247
3.4007036 3.4731793
3.3450449 3.4071201
3.5105965 3.4307193
3.5524082 3.4495896
3.6630798 3.6310235
3.4718289 3.4789259
3.4355574 3.448976
3.2466667 3.6180882
3.2436983 3.6885013
3.2898293 3.6936272
3.4317093 3.5800725
3.482148 3.6374453
3.4065123 3.625307
3.3917106 3.6911331
3.8594014 3.6585673
4.1265427 3.6838321
4.0548571 3.5986277
4.2259613 3.6389116
4.3224461 3.4752219
4.3199703 3.5067477
4.3245391 3.4679316
4.2686849 3.5419899
4.2554036 3.5685303
4.1964845 3.5722051
4.2165162 3.4911018
4.145106 3.5971461
4.1490543 3.5564052
4.1958435 3.4567141
3.8707917 3.539085
3.9981607 3.5397125
3.8745404 3.5989397
3.8589831 3.6239456
3.6716559 3.2820009
3.6546063 3.260462
3.6952067 3.4088429
3.8046218 3.5380029
3.7629655 3.5833665
3.7202958 3.6251432
3.6973428 3.6427717
3.5739804 3.1467851
3.65999 3.535302
3.4019459 3.3292485
3.3982739 3.3306673
3.3539424 3.3224012
3.3785986 3.1377018
3.4782822 3.3094042
3.5407648 3.3747799
3.4779767 3.1253668
3.4720302 3.1013671
3.5473482 3.3757285
3.4926154 3.094049
3.385075 3.0541945
3.3656248 3.0543114
3.1034959 3.3803624
3.1302179 3.3591623
3.2123094 3.3303805
3.2769816 3.293241
3.2855863 3.2718734
3.2089869 3.3098081
3.3533698 3.2225911
3.1685445 3.4301971
3.0539343 3.4498425
2.9470942 3.3365682
2.9390113 3.2884818
2.8594367 3.3010763
2.8354953 3.324986
2.8780245 3.4034932
2.9116133 3.4076718
2.8937944 3.4260899
2.6311841 3.5563006
2.7877565 3.5315281
2.6985095 3.6061846
2.4834436 3.6067758
2.4575247 3.6076588
2.4149617 3.5934714
2.4235527 3.5710511
2.4100608 3.5095599
2.4275664 3.4909874
2.4208778 3.3241195
2.3762274 3.4938836
2.3480835 3.4846132
2.2941116 3.5096404
2.3480477 3.5323934
2.1119404 3.4527287
2.2337124 3.4339122
2.3477096 3.3201658
2.4128724 3.2198538
2.4492215 3.259792
2.4512993 3.2771191
2.3641636 3.3286501
2.4488137 3.2879748
2.4534324 3.5985349
2.4843769 3.5517515
2.4723514 3.4746578
2.5762589 3.3522078
2.6351405 3.3689349
2.6945851 3.4244276
2.7394754 3.2793712
2.5391852 3.3321758
2.5282126 3.3167482
2.4980171 3.2421484
2.4301157 3.1892823
2.4152747 3.1685516
2.2922364 3.1195172
2.279671 3.3414966
2.1870433 3.3476032
2.2051115 3.2174489
2.2068517 3.1790227
2.2078776 3.1225322
2.2200768 2.9242297
2.2063106 3.0735491
2.1475253 3.4179163
2.0257991 3.4095724
1.8825837 3.4452381
1.834787 3.3601453
1.8028981 3.3414097
1.6577489 3.358171
1.6280481 3.3613238
1.5767479 3.3588469
1.5964054 3.8073733
1.6099291 3.7760723
1.6140564 3.7254519
1.7137211 3.8394668
1.6902095 3.9326269
1.7097419 4.1334842
1.7035055 3.9800845
1.8869844 4.0672433
1.7877606 4.0317998
1.8480329 4.1236369
1.904047 4.0781185
2.0457637 4.2637513
1.9183952 4.1752013
1.5843513 4.3040772
1.8026827 4.1974264
1.5496491 4.2764618
1.4262779 4.2695965
1.4357617 4.260297
1.562517 4.1447726
1.5360494 4.1195424
1.4282889 4.1865462
1.2895883 4.1276458
1.3731261 4.0928388
1.5616336 4.0612019
1.5993021 4.0496563
1.6785804 3.9992001
1.6493843 3.8228537
1.5568571 3.9454278
1.5809792 3.9903511
1.5689112 3.977222
1.5534775 3.9392517
1.5678386 3.6816128
1.5110553 3.6095646
1.4849139 3.6885983
1.4832121 3.6790126
1.3525933 3.6284622
1.399568 3.7271234
1.3332057 3.7437338
1.2752484 3.7371529
1.1721546 3.6531864
1.0906811 3.7782458
1.2380536 3.8312656
1.2745159 3.9076507
1.4426639 3.8586082
1.4907914 3.8591557
1.4038905 3.937528
1.2906722 4.0368608
1.331943 3.9814674
1.2648588 4.0552244
1.1942962 4.0881309
1.2039371 4.1119335
1.2337215 4.1393667
1.2230268 4.1723172
1.3264836 4.2011814
1.4283131 4.3259784
1.0405164 4.2726397
1.0857321 4.233831
1.0844493 4.1398617
0.9638556 4.2392441
0.9392065 4.3019904
1.0308683 4.3349508
1.1409609 4.3922169
0.9946227 4.3296918
0.8786706 4.2808789
0.8703524 4.2575552
0.9590555 4.0606856
1.1016713 4.0576276
1.013731 3.8549001
1.2167733 4.0592567
1.2696429 3.9380609
1.1958687 3.9610153
1.0370411 3.8205608
1.0265897 3.7834948
0.9957454 3.8209177
1.0040502 3.7211144
0.9358601 3.5887215
0.8748564 3.5672611
0.8338443 3.6478367
0.8986866 3.6944782
0.616442 3.6949152
0.6474546 3.6146522
0.600238 3.6450624
0.5445094 3.63019
0.4560982 3.5896251
0.4640611 3.5642633
0.474608 3.4188466
0.5101668 3.4409233
0.5138777 3.5154943
0.5616184 3.5687824
0.5348693 3.4415932
0.5437365 3.3140916
0.541889 3.2840968
0.6566993 3.4170318
0.7294284 3.3853056
0.7401969 3.5373803
0.8310229 3.4816859
0.878604 3.378132
0.9684186 3.4768671
1.0761305 3.5613389
1.0111745 3.4994703
1.1238182 3.5069287
1.1230322 3.5333
1.0608281 3.5806153
1.1132402 3.5799381
1.1297431 3.584475
1.2082424 3.4037166
1.2041976 3.5900877
1.2555739 3.5074286
1.2779373 3.5418934
1.2917609 3.4249827
1.2557321 3.3472752
1.2233582 3.3351074
1.2130275 3.3285844
1.2131326 3.2479921
1.2186648 3.2471804
1.287802 3.3107183
1.33373 3.34107
1.3758306 3.1906559
1.4034173 3.2951778
1.3774505 3.3521428
1.3470501 3.5478018
1.3367762 3.4756427
1.343855 3.5929664
1.436499 3.6016747
1.4184776 3.569953
1.5645033 3.5687903
1.4755632 3.5430993
1.449865 3.5061842
1.4495111 3.4986328
1.4546035 3.4894877
1.4741215 3.425654
1.5302375 3.322238
1.5581603 3.2664223
1.4440555 3.1284054
1.5205914 3.1455694
1.4636849 3.0794436
1.4056434 3.079376
1.3852485 3.1420404
1.4018848 2.8846127
1.4426998 2.9101722
1.4586814 2.8232296
1.4372983 2.984537
1.4186889 3.0572228
1.5955201 3.1068007
1.7206072 3.1395311
1.6500018 3.2651049
1.6017514 3.2993881
1.6566495 3.2822087
1.7936954 3.1260861
1.6669195 2.9797371
1.7910002 3.0362607
1.8824631 3.1191262
1.9721463 3.1650673
1.8565381 3.0626326
1.786345 3.0033352
1.6224578 2.8371694
1.7236401 2.7967186
1.7473998 2.8659762
1.8733262 2.9969415
1.7920127 2.7970644
1.8382529 2.8032657
1.8260813 2.737972
1.7976841 2.7404734
1.7729573 2.7823045
1.5940777 2.7903747
1.5438707 2.7400585
1.5608089 2.7341601
1.5055777 2.7060958
1.4415198 2.6786704
1.3567553 2.6513922
1.522625 2.8722267
1.3736162 2.7343353
1.2628518 2.6930157
1.2690774 2.6543425
1.1793796 2.6337973
1.1049005 2.5120117
1.2608366 2.5078495
1.2969472 2.5166875
1.0197112 2.4246596
0.8436134 2.3670895
0.7976997 2.3169076
0.8974959 2.2775394
0.8327138 2.1544778
0.7831921 2.0938877
1.0007766 2.1979352
1.1104828 2.2856713
1.014737 2.2365501
1.0237317 2.2568323
1.1108447 2.3730828
1.0560483 2.4012606
1.3245988 2.5120703
1.4344961 2.6128917
1.602915 2.6112262
1.6078032 2.6602976
1.7442892 2.681844
1.7542005 2.562546
1.7399265 2.6520457
1.6914319 2.6387207
1.5449167 2.5319037
1.4915246 2.5141716
1.4928329 2.565504
1.5099726 2.6118053
1.3153195 2.4103008
1.2670076 2.3804596
1.2646075 2.2689844
1.3462135 2.2396864
1.3475654 2.1188062
1.3292403 2.0980912
1.2114182 2.1067955
1.1987561 2.0610512
1.3325004 2.0499313
1.1961734 2.0254737
1.1887287 2.1651131
1.0964942 2.1652211
1.0360074 2.2056937
1.1148065 2.1418283
1.1391728 2.005887
1.0994179 2.0381377
1.0920373 1.812558
0.9955947 1.9004673
1.0006452 1.9802278
0.9507 2.0310672
0.9415236 1.9698886
0.9517477 2.13867
1.0509928 2.1099763
1.0072804 2.1394154
0.9059465 2.142075
0.8882615 1.9518144
0.8269913 1.9143126
0.8548291 1.8594899
0.904652 1.8651596
0.8822339 1.7157788
0.8112766 1.747865
0.7959723 1.7986402
0.6294872 1.6128671
0.6417674 1.6701075
0.6642922 1.7611681
0.7788083 1.9913955
0.7751125 2.1012442
0.7196072 2.0101902
0.6830824 2.1034241
0.7242894 2.2028916
0.7982406 2.2321247
0.7382814 2.4353576
0.7626002 2.3434682
0.6479511 2.1866043
0.5669139 2.3606589
0.4614302 2.3364976
0.3721617 2.0167508
0.3167002 1.8427989
0.3720526 1.9353732
0.3998145 2.0511922
0.4676052 2.2916626
0.6037521 2.229547
0.608349 2.0381346
0.6268437 2.0420836
0.6982278 1.9660317
0.6181561 1.9783456
0.5460992 1.6209881
0.6516515 1.5829105
0.7458369 1.5932079
0.6019604 1.5011399
0.3788724 1.6836765
0.3795366 1.6977624
0.434057 1.7242091
0.4945948 1.6609042
0.5798726 1.7944471
0.4075646 1.7782202
0.4248815 1.81013
0.3782804 1.8014393
0.4564182 1.8433971
0.316005 1.8198671
0.2936854 1.8951316
0.2891866 1.9169479
0.3115414 1.9007206
0.2830553 1.9663703
0.2779249 2.05165
0.250342 1.9087226
0.1567737 1.7415195
0.1558432 1.7192378
0.2395433 1.8660943
0.1892843 1.6657986
0.150108 1.3606635
0.1896673 1.1488727
0.1768658 1.3874783
0.2665829 1.6742238
0.2547195 1.7458808
0.3546243 1.8143719
0.3177485 1.6442136
0.4528608 1.5408478
0.3432406 1.516743
0.2735104 1.5386998
0.2304763 1.4259007
0.2442809 1.3271379
0.2970019 1.380182
0.4425637 1.4031184
0.497753 1.5325262
0.4320627 1.601433
0.6427865 1.4016861
0.637141 1.4010374
0.5990128 1.2868886
0.7877714 1.3443738
0.7531985 1.3475317
0.7425049 1.5730318
0.8057494 1.4153756
0.927993 1.4808577
0.9320387 1.5413844
0.9560842 1.7672492
1.0376096 1.7084397
1.0054515 1.5327844
0.859213 1.3284681
0.858101 1.2084701
1.0181201 1.1395994
0.9284447 1.1036736
0.8603436 1.1350514
0.8641773 1.0492975
0.742956 0.934572
1.0232846 1.0572796
1.1255877 0.982319
1.0999214 1.0539849
1.1893675 1.1368627
1.1470638 1.0250833
1.1259553 0.9420121
1.1275674 0.9342421
1.2669883 1.0230658
1.3261671 1.2780814
1.3153431 1.613232
1.2543498 1.4914079
1.1805739 1.3350189
1.2517472 1.383422
1.280268 1.410176
1.1591184 1.2937209
1.1905842 1.150085
1.159967 1.1425211
1.0784474 1.1408685
1.0649755 1.1783341
1.0472406 1.2354097
0.9243489 1.2728029
1.1001644 1.3144654
1.1078855 1.312573
1.1488693 1.3599154
1.0544681 1.3737823
0.9792719 1.4179483
1.0140005 1.522576
1.0179496 1.5412647
1.0828952 1.4133074
1.0392856 1.5642096
1.0824246 1.5379891
1.1000281 1.4604092
1.2096261 1.4970366
1.3477402 1.7024429
1.3269791 1.7449715
1.292218 1.6993192
1.2796723 1.8458796
1.2358119 1.8523844
1.1313746 1.710194
1.0621052 1.7196243
1.1517706 1.7884224
1.2155534 1.8851796
1.1819943 1.9827137
1.285741 1.854115
1.3264472 1.8258786
1.4139783 1.9359436
1.4535293 1.961745
1.4359092 1.9493042
1.5818493 1.9492452
1.6041076 1.9759955
1.5196451 1.9791621
1.4571235 2.0232751
1.2847482 1.8642294
1.3256264 1.9504792
1.4361477 2.4289301
1.5198292 2.4075791
1.4881082 2.4107683
1.5368956 2.2985792
1.5740802 2.3433386
1.5325938 2.4074087
1.559436 2.3828717
1.6045031 2.2968365
1.6508542 2.2550551
1.5719864 2.1266243
1.442973 2.1646251
1.3954223 2.1105866
1.5180924 2.0568151
1.5977313 2.0892215
1.5759895 2.0794389
1.6753187 2.0599562
1.7178588 1.9396778
1.5579022 1.8798644
1.4975375 1.8260685
1.4692106 1.801333
1.4049233 1.8328089
1.4308207 1.7272938
1.4000717 1.7112585
1.4327942 1.5607888
1.4712882 1.6319627
1.6161749 1.8056943
1.6611483 1.8319014
1.8749045 1.8605551
1.8538725 1.8389047
1.6269754 1.7895965
1.8346424 1.7457258
1.8550411 1.7308258
1.9491109 1.9354451
2.0920376 1.9651656
1.9748295 1.9104857
2.024802 1.8633236
2.06861 1.7937869
2.0975827 1.7537401
2.2178291 2.0154008
2.1908087 2.1255719
2.203363 2.157885
2.1963766 2.1529911
2.0617568 2.1104729
2.0944942 2.2766307
2.1822297 2.1836073
2.0802871 2.319697
2.0011748 2.2755946
2.0066008 2.2011429
1.9898835 2.3117869
1.8809885 2.3341584
1.7588924 2.4547225
1.941435 2.2714827
1.9459042 2.2508162
1.8695443 2.2588082
1.8661392 2.2581087
1.7347208 2.428886
1.78493 2.1509558
1.9567044 2.188652
1.9738788 2.027047
1.9483141 2.0144345
1.8757013 2.032978
1.7144144 2.0281257
1.7292101 2.208775
1.732842 2.2406285
1.7133954 2.4381676
1.5592461 2.4966357
1.7395266 2.5568832
1.6821377 2.5133105
1.7522644 2.4683773
1.8496375 2.6176666
1.9031429 2.9265138
2.0127931 2.909422
1.9957956 2.6956402
1.8701561 2.5474727
1.8557191 2.5070856
1.8957124 2.4936227
1.9393552 2.3726684
1.9984761 2.3433874
2.0412202 2.4291063
1.917647 2.5144301
2.0026339 2.3527099
1.893337 2.5143491
2.0413124 2.5407127
2.1191329 2.5391079
2.162001 2.5204926
2.1913333 2.5699945
2.1780938 2.6199351
2.0295064 2.7156867
2.0636615 2.7817384
2.0732828 3.1524051
1.981566 3.2058944
1.9040248 3.2016078
1.8721003 3.3327391
1.807893 3.1597651
1.8781467 3.4202911
1.9666738 3.2910787
1.9334515 3.3942557
2.068795 3.3344866
2.0896897 3.2919802
2.1186606 3.1338827
2.0816358 2.7176605
2.2018722 2.7879111
2.1914646 2.7380922
2.2209567 2.8128367
2.2162306 2.5830329
2.1846561 2.5099318
2.2017082 2.4573771
2.2787899 2.5920912
2.2603233 2.634987
2.2501267 2.7951658
2.2735903 2.8035751
2.3473981 2.7930298
2.2766479 2.8580466
2.3046775 2.9929268
2.3644784 2.8510013
2.3389767 2.99075
2.3311073 3.0675076
2.3085765 3.0810911
2.3877332 3.1129333
2.4558832 3.1169042
2.4971909 3.0346301
2.5128911 3.0279235
2.4444466 2.8970256
2.4367415 3.0266461
2.3615367 2.3785789
2.3400639 2.4112891
2.3494807 2.4846176
2.350902 2.5426306
2.3532085 2.6528738
2.3584969 2.6748988
2.3092131 2.6383259
2.2091397 2.241106
2.1338307 2.3964603
2.0766713 2.3886771
2.0506971 2.3851319
2.2721741 2.1574784
2.3129874 2.1156806
2.2916961 2.0287173
2.271763 2.0142128
2.1856642 1.937133
2.3743154 1.918417
2.3758593 2.0991309
2.3832634 2.2076913
2.3174386 2.1846223
2.2669358 2.2248123
2.3214483 2.4076891
2.3754342 2.312042
2.3837762 2.3684375
2.366314 2.4089286
2.4005822 2.4009916
2.5111303 2.4946488
2.438287 2.4762618
2.4423053 2.6099716
2.6299291 2.4589303
2.6973355 2.4372829
2.6874992 2.508855
2.6017951 2.6143761
2.5572121 2.6705816
2.548475 2.6953243
2.4673855 2.8629976
2.5727666 2.8626409
2.6060226 2.7045426
2.644318 2.8683321
2.6321918 2.915959
2.6161393 2.9445555
2.4933152 3.1421842
2.5239912 3.2315041
2.528696 3.252639
2.6140394 3.1181125
2.6708835 3.0621155
2.6679894 3.1186209
2.7126749 3.0136405
2.723161 2.8417575
2.9041884 2.8863164
2.9604597 2.828345
2.9078158 2.7536152
3.0215305 2.6994123
2.9958559 2.6171061
2.9847917 2.5921314
3.0946473 2.7053275
3.024912 2.7416311
3.0199225 2.7551268
2.9917902 2.8531978
2.8978611 2.9650085
2.8916379 2.9833218
2.8648999 3.0879445
2.8445469 3.2433431
2.9581118 3.2158219
3.2148058 3.1294522
2.9285462 3.1179538
3.2657984 3.1125517
3.2949294 2.9629663
3.2408138 2.9115026
3.0421125 3.0104205
3.0144375 3.0187708
2.977278 2.9223561
3.0502822 2.8076855
3.1601465 2.8592059
3.1750075 2.8402274
3.2307394 2.8320211
3.1921361 2.8227324
3.0637556 2.5322033
3.2389818 2.5982138
3.2907224 2.5684023
3.1455077 2.5013828
3.303025 2.5629367
3.2178503 2.35226
3.2468787 2.2680083
3.1657601 2.362241
3.1212135 2.4113126
3.1868311 2.4174199
3.0418403 2.467311
2.9469987 2.4441512
2.9924216 2.4464528
2.9779909 2.401175
2.9460589 2.3990779
2.9594307 2.3060271
2.9887372 2.3727114
3.0237351 2.2873663
2.8914963 2.2060996
2.8542304 2.2735545
2.8560304 2.3920518
2.9343539 2.427134
2.8758182 2.5078853
2.9013851 2.4873686
2.919852 2.4772337
2.9476305 2.4898866
2.9173557 2.5936896
2.78596 2.6634827
2.7398486 2.7448169
2.7096535 2.7408224
2.6712889 2.8644541
2.7132544 2.6486535
2.7309222 2.6176022
2.8175212 2.5188149
2.7936686 2.4538514
2.7631241 2.3548559
2.8253891 2.2773958
2.6402522 2.3648193
2.8014051 2.2764119
2.8138218 2.2328159
2.872948 2.1913222
2.7756704 2.2243261
2.6393441 2.198059
2.4922107 2.1666518
2.4879044 2.3146302
2.434895 2.3110929
2.4205332 2.3059947
2.4680211 2.1866873
2.4482366 2.16983
2.4059831 2.1412764
2.3846621 2.0122541
2.456468 2.0298247
2.5700818 2.147012
2.6621004 2.0914866
2.6706862 2.0786856
2.8568379 2.1265154
2.8810628 2.1088962
2.8949265 2.098785
2.912367 2.094165
3.0729371 1.8991122
3.1808128 1.9765901
3.1181042 2.1576123
3.1311056 2.1540682
3.0275288 2.1871726
3.2795656 2.1582696
3.2861762 1.9759577
3.3486457 2.1346014
3.3253383 2.2000068
3.3993609 2.0212106
3.293655 1.9307717
3.2686385 1.8529162
3.3015872 1.8132525
3.2534318 1.8229007
3.2724034 1.7852679
3.1049862 1.819667
3.0814153 1.8342931
2.9946525 1.9126705
2.933653 2.036998
2.9900766 1.7281521
2.9766903 1.6282127
2.9520357 1.6580547
2.9402681 1.5400353
2.8839619 1.4362117
2.8459909 1.3108588
2.6237263 1.3366612
2.54611 1.4187228
2.3659088 1.4691832
2.5217272 1.5472659
2.5302764 1.5283051
2.5509744 1.5000537
2.5705797 1.4737888
2.641362 1.4457022
2.6352112 1.4088904
2.6618843 1.4162581
2.6689383 1.5068434
2.6612555 1.523005
2.6076789 1.7071413
2.6536113 1.7333646
2.7219894 1.610537
2.7018422 1.4021757
2.7546236 1.3738528
2.7693759 1.422472
2.7950156 1.5151082
2.7672121 1.698987
2.7393808 1.6748123
2.7229418 1.9061176
2.7620784 1.8371586
2.7943862 1.8168595
2.8325981 1.8414739
2.877057 1.7895177
2.90766 1.8152209
2.8330071 1.9072973
2.9051285 2.0604061
2.8424642 1.9788024
2.8058452 1.8996492
2.7569439 1.9865403
2.7190931 1.931977
2.4517884 2.0156867
2.565118 1.9746181
2.699264 1.9339803
2.5857801 1.9023544
2.5830733 1.7279642
2.5768221 1.6724042
2.5800934 1.5607596
2.5560108 1.6340885
2.5671246 1.6738886
2.5594524 1.8441341
2.5425487 1.8361401
2.4765267 1.8557397
2.5567298 1.6833874
2.3342259 1.9017806
2.3194754 1.9088001
2.0387857 1.7069634
1.9042692 1.7276354
1.7124919 1.7043743
1.7202826 1.7445722
1.6344822 1.7206384
1.6372496 1.6832546
1.9692394 1.699309
1.9853674 1.6464663
2.0462043 1.6657069
2.2649328 1.8501443
2.1993741 1.6925792
2.2904866 1.6553341
2.3485975 1.7574536
2.3810977 1.5189123
1.9639981 1.472096
1.9262232 1.4611319
1.9327427 1.4617073
2.0923287 1.4815572
1.742665 1.3960957
1.8374665 1.4893799
1.9825313 1.579686
2.1001521 1.6161601
2.2093314 1.6747946
2.1376329 1.7163938
2.0396175 1.6557339
1.8714691 1.5493558
1.7081376 1.5061261
1.5696118 1.4602573
1.5405867 1.4484164
1.4503832 1.4730562
1.457495 1.3897217
1.3894954 1.2734486
1.3896458 1.1877046
1.3799809 1.1160787
1.4166914 1.1410564
1.4455378 1.1976264
1.5009893 1.4232808
1.5419212 1.4096341
1.6983617 1.4005819
1.9171753 1.3654217
2.0257939 1.315693
2.3231001 1.1880727
2.3016104 1.0779811
2.1802868 1.241044
2.048008 1.1647573
2.1078438 1.1663203
2.0658311 1.1079264
2.0425905 1.0731763
2.0912089 0.9833653
2.0589788 1.0128006
1.9677186 1.1069528
1.9276604 1.1402969
2.0292222 1.2047039
1.9507526 1.2054825
1.8155642 1.2274283
1.7380895 1.3184659
1.7143631 1.2875096
1.7314022 1.2354702
1.6293094 1.3371281
1.5138214 1.2765606
1.3415832 0.9695531
1.4564395 1.1150502
1.6111459 1.0059441
1.4233714 0.9956775
1.4096719 0.974218
1.252703 0.9191545
1.2529333 0.8955661
1.3395726 0.860279
1.4793555 0.7449752
1.4892273 0.8552618
1.4582657 0.8520381
1.3988288 0.9275392
1.5004829 0.8609017
1.5526242 0.9285937
1.695616 0.87075
1.2306932 0.596514
1.3800959 0.630457
1.5328506 0.7063032
1.4613988 0.6644214
1.4670938 0.5867304
1.5209635 0.5199704
1.3917256 0.5146922
1.4456665 0.4889428
1.4789963 0.4879841
1.8555586 0.4380559
1.876926 0.4205712
2.0466321 0.397188
2.0988831 0.3895775
2.1179812 0.4324175
2.0096109 0.4529658
1.9526165 0.4331453
1.8939667 0.5064923
2.0993907 0.5289676
2.3165463 0.4793908
2.2760236 0.4612172
2.1497956 0.3699573
2.2525911 0.3267304
2.3282409 0.2828173
2.4991246 0.2278782
2.4904254 0.2749824
2.3983537 0.3429733
2.3610783 0.4267708
2.5245328 0.3675372
2.502459 0.3858017
2.5643493 0.356625
2.652978 0.298075
2.5638997 0.3354574
2.5610203 0.2525328
2.7076477 0.2184417
2.9960963 0.2588522
2.8690385 0.3215649
2.8458836 0.4138075
2.8520921 0.4344982
2.7695656 0.4226643
2.596288 0.4345287
2.6338909 0.4493926
2.4919731 0.5095503
2.5577513 0.5509292
2.465698 0.5208144
1.9024331 0.559569
2.089868 0.5891891
2.3699074 0.6575927
2.2534687 0.6450843
2.2239069 0.6384005
1.8335652 0.5880574
1.7944523 0.7438275
1.8148254 0.731082
1.8910719 0.8125769
1.8759334 0.8474472
1.7467809 0.7784936
1.7647431 0.7295799
1.7989172 0.4663443
1.6980024 0.5885666
1.6507484 0.4960285
1.6470651 0.5388958
1.6516079 0.6006222
1.580305 0.7052784
1.5915493 0.719213
1.743937 0.7757327
1.7101688 0.9234833
1.8079214 0.9078648
1.5849525 1.0653326
1.5792436 1.1791697
1.5689484 1.1894338
1.6298136 1.1504351
1.7819618 1.1992707
1.8236974 1.2064963
1.857755 1.0012772
1.8748968 0.9345859
2.0925339 0.9465299
2.0690664 0.8241376
2.0137015 0.8476455
2.0011867 0.8829832
1.910918 0.8322498
1.9753741 0.6774893
1.9739585 0.6737228
1.9833901 0.6661574
2.1580348 0.6735198
2.1994208 0.6712073
2.3338014 0.7183845
2.4124473 0.8393544
2.2717618 0.741187
2.0737455 0.6936519
1.9969724 0.7068531
2.2036288 0.9238771
2.2325257 0.9129527
2.2345204 0.9147582
2.1304171 0.9708082
2.1728424 1.0031577
2.1842158 1.0008995
2.2904073 0.9532677
2.3075062 0.9724147
2.3809549 0.9447054
2.4804705 0.9626454
2.5435203 0.9640402
2.3821634 1.1402737
2.343198 1.2474108
2.113874 1.3312222
2.099342 1.3574319
2.3253914 1.2910721
2.3350553 1.2787875
2.4521659 1.2393161
2.5452857 1.0736323
2.5959463 1.1265233
2.6443284 1.0284542
2.6482896 0.9967444
2.6487249 0.9714973
2.6549697 0.9604041
2.919153 0.7510095
2.8256636 0.9031012
2.8738151 0.8677626
2.896426 0.8338161
2.8280788 0.9499447
2.9271703 0.8896186
2.9252501 0.9018649
2.905783 0.9535347
2.9000802 0.9462652
2.6695637 0.9670819
2.7800919 0.9667177
2.6998703 1.0742414
2.9323694 0.9837779
2.9953084 0.834783
2.9945703 0.8466407
3.0008703 0.8249191
3.0573434 0.8937709
3.06033 0.8260477
3.1010937 0.9861087
3.1075104 0.8321095
2.9909266 0.7211594
3.1622344 0.6491659
3.2389973 0.6793094
3.2938801 0.6955687
3.3989875 0.6755337
3.3863666 0.7723343
3.2699399 0.7491856
3.0875095 0.7350235
3.1919749 0.7830803
3.7091197 0.7622513
3.7647916 0.6619273
3.5729298 0.7393726
3.5760552 0.7116767
3.5326284 0.6602371
3.4888115 0.5600921
3.4352698 0.6085828
3.1269486 0.5810276
3.1228522 0.5858227
2.7864175 0.568488
2.9275267 0.7086657
2.7044631 0.5647986
2.7869812 0.776919
2.6999893 0.8842852
2.629261 0.9474034
2.6791016 0.8999365
2.6255462 0.8074737
2.5030188 0.7007769
2.4315567 0.7853
2.3953712 0.7635931
2.4406756 0.6336437
2.4866885 0.6408142
2.5620972 0.6394815
2.6754642 0.5674394
2.5409468 0.5558299
2.6590864 0.5544032
2.7999513 0.4681251
2.8775258 0.4863565
2.844367 0.5011906
3.1586932 0.429965
3.2302547 0.5003524
3.2918363 0.4607181
3.092267 0.3778131
3.3258846 0.385894
3.2714386 0.3184006
3.1163691 0.2758545
3.0332357 0.3657338
2.9146803 0.4220531
2.9438507 0.3368943
3.0509327 0.2303696
3.0307425 0.1653629
3.1817411 0.1732586
3.1908145 0.2480814
3.2454106 0.274244
3.3319746 0.3600251
3.3884117 0.3708398
3.3155319 0.4023386
3.4307878 0.362114
3.3960825 0.4862261
3.3257343 0.4807044
3.4322672 0.5584194
3.62668 0.5366578
3.6232918 0.4452581
3.4563111 0.4517614
3.6006816 0.3014494
3.608836 0.3303662
3.6301182 0.4053496
3.6754003 0.4600777
3.7370782 0.4286586
3.8701937 0.4150867
3.870183 0.4143709
3.9691462 0.3921286
4.365677 0.5114648
4.3318635 0.4802065
4.2669556 0.439802
4.3260432 0.4588834
4.2120834 0.3903303
4.329284 0.3256366
4.393007 0.3028456
4.3902185 0.2319697
4.3369408 0.2621976
4.2695983 0.3034185
4.1367848 0.2821268
3.9067529 0.3268558
4.0853081 0.2629106
4.1662911 0.173055
4.0945787 0.1614088
4.1096508 0.1828874
4.1012896 0.1882356
3.9431933 0.1365105
3.9695426 0.2485119
3.7687022 0.3555039
3.6550062 0.4028337
3.6111394 0.2631248
3.5569498 0.1111397
3.5444489 0.0379809
3.476946 0.0328836
3.5764422 0.0301106
3.921041 0.0378916
3.9277351 0.0541188
3.6141007 0.0356722
3.6917353 0.0840638
3.6295237 0.1219817
3.6476945 0.2852593
3.6578851 0.1899652
3.74343 0.1277802
3.8301673 0.1140096
4.069621 0.0907474
4.3240651 0.1951765
4.402625 0.1106052
4.6085849 0.0361819
4.5526319 0.0375409
4.3213092 0.126388
4.1472154 0.0347276
4.0031473 0.0221545
3.9491379 0.0129611
3.3864788 0.0145453
3.3950361 0.0901196
3.3225339 0.069623
3.4132661 0.2135308
3.4606072 0.129895
3.5613847 0.224576
3.540627 0.3084017
3.476893 0.2972966
3.3520516 0.2235585
3.2521241 0.1591099
2.9256241 0.0434959
2.9960836 0.15086
2.8347911 0.2022807
2.8442567 0.219286
2.7292774 0.1900998
2.7138667 0.1323109
2.6732185 0.1034961
2.7676668 0.1002651
2.7766723 0.1007993
2.8403217 0.1724076
2.90184 0.0557932
2.7060223 0.0514133
3.1200818 0.004934
2.8996113 0.008532
2.6906204 0.0133006
2.6436231 0.0118682
2.3419952 0.0110936
2.63755 0.1004047
2.3715797 0.0826837
2.1940042 0.1061301
2.1939414 0.0620046
2.4480046 0.0618209
2.1777197 0.0572138
2.2156397 0.0516259
1.8733348 0.0563503
2.0061496 0.0299543
1.7865991 0.0136216
1.1866749 0.0091073
1.712584 0.0573732
1.8666425 0.0821828
1.2671852 0.0366661
1.9423237 0.0980575
1.3337627 0.0697672
2.5640464 0.1287076
2.6136738 0.1886386
2.4680048 0.1657152
2.506516 0.1491211
2.4016989 0.1409654
2.253638 0.1335041
2.1688591 0.1350882
2.156634 0.2492206
1.9856519 0.293925
2.2255932 0.3038488
1.9986935 0.2954396
2.0953964 0.3454864
1.8009566 0.319768
2.0779615 0.1949924
2.024895 0.2075583
2.0205503 0.1729327
1.9731941 0.2162742
1.8288377 0.1819728
1.757516 0.1409519
1.631629 0.0902951
1.8661008 0.2422279
1.7706593 0.2593111
1.404898 0.1139423
1.1835819 0.0549562
0.9008464 0.0726869
0.9690376 0.033745
1.0105259 0.0133924
0.3159589 0.0182938
0.0180834 0.0180439
0.0109374 0.1880077
0.0915235 0.162923
0.1821135 0.0854035
0.22372 0.0994131
0.1242694 0.1872851
0.3124659 0.1688607
0.3942889 0.2177872
0.3040612 0.1803281
0.0797418 0.1900861
0.0399878 0.2386812
0.2352742 0.2696406
0.2293052 0.2742944
0.0669026 0.2839802
0.1631904 0.4274491
0.1721933 0.4938374
0.1428617 0.5252619
0.0917051 0.342538
0.0890057 0.7488305
0.0415186 0.6764017
0.0515697 1.3483317
0.1320911 1.0500903
0.1034055 0.9984706
0.0495371 1.1851148
0.071717 0.8766683
0.1276494 0.649982
0.1881839 0.6257789
0.2150949 0.6703033
0.2827032 0.5729131
0.2859444 0.6649013
0.2930586 0.6643475
0.2457756 0.6941928
0.2717211 0.778472
0.3815195 0.8008018
0.4895636 0.825765
0.4272515 0.7528181
0.4790379 0.7169081
0.5429411 0.7900913
0.6161023 0.7367968
0.5301369 0.7529841
0.5690871 0.7209394
0.786386 0.6702228
0.9835473 0.6089009
0.9551303 0.5447485
0.9753079 0.4525651
0.950492 0.4406206
0.8299353 0.3319264
0.8207428 0.4191319
0.7492577 0.5178686
0.8163979 0.5609995
0.7571375 0.534405
0.7509826 0.6213424
0.6440119 0.6274149
0.596465 0.4297207
0.6495977 0.4656556
0.7258455 0.4483279
0.8095651 0.3979066
0.6545645 0.387595
0.4778972 0.4073053
0.6194226 0.5766405
0.5297614 0.5212559
0.5960913 0.662407
0.5134481 0.6849638
0.5028188 0.5922112
0.3247049 0.6137284
0.3109961 0.4627565
0.3080113 0.3490332
0.5302265 0.5483068
0.4315154 0.4251572
0.4210255 0.2885247
0.4958903 0.3817692
0.6698632 0.2727733
0.7204851 0.2687403
0.5369841 0.1930003
0.5638797 0.1769088
0.4947054 0.1282214
0.8000325 0.2038474
0.895908 0.3203446
0.8963583 0.2610517
1.0165631 0.2384047
1.171883 0.2866293
1.176591 0.2602075
1.0572803 0.1810156
1.0782992 0.1659856
0.9742895 0.1523274
0.9618237 0.134699
0.9927349 0.2044797
0.8224353 0.1706262
0.4347383 0.1151884
0.3778953 0.1139822
0.5074271 0.1796453
0.2341766 0.1102726
0.2897202 0.0856
0.3231433 0.09255
0.6985101 0.1393335
0.8808296 0.16564
0.5784848 0.0685079
0.7535753 0.0670519
1.1466118 0.1611295
1.2112347 0.1794745
1.0320537 0.0787086
1.1368501 0.1165137
1.2782283 0.1935046
1.2905343 0.186901
1.286953 0.175103
1.4303311 0.1712696
1.4839132 0.2118254
1.1519149 0.3349269
1.2480536 0.3235033
1.4427136 0.3542894
1.3950328 0.3153124
1.5997441 0.312379
1.6845673 0.2934177
1.6118767 0.3106986
1.6053942 0.3331412
1.7319906 0.3554807
1.7205944 0.3659399
1.8278641 0.3807327
1.8449972 0.3927321
1.7034488 0.3956617
1.5812029 0.3619783
1.5505267 0.3667842
1.0708572 0.3870477
1.20052 0.3593227
1.2166269 0.3389573
0.9622541 0.3360953
1.0562623 0.4821146
1.1428475 0.4382597
1.1975627 0.4192888
1.3171096 0.4076115
1.3147993 0.4557483
1.3798604 0.4414357
1.2422898 0.5219517
1.3394383 0.5408173
1.0890492 0.643602
1.0031406 0.6242929
0.9450866 0.6625771
1.1347894 0.8004126
1.1352354 0.8096294
1.0387003 0.7499303
0.9058863 0.6686042
0.9407389 0.7229514
1.0990894 0.8559066
1.0438107 0.8590907
0.8016388 0.7916178
0.7989784 0.7907244
0.8580263 0.7506623
0.7589213 0.8178586
0.9634838 1.0196613
0.696167 0.7688823
0.5660465 0.9036287
0.7322409 1.0712344
0.683586 0.960086
0.7053602 0.9882884
0.7211686 0.9760037
0.8057154 1.0069469
0.76543 1.1120611
0.7797188 1.1380572
0.8174566 1.1691783
0.7564929 1.2843564
0.6450664 1.038269
0.5207488 0.8680111
0.5198275 0.8796826
0.3634008 0.8878476
0.3219574 0.9374441
0.3925426 0.9752931
0.6511396 1.1977171
0.8096726 1.3370202
0.6280738 1.2567246
0.5058296 1.2514166
0.2793666 0.922528
0.2726107 1.0180141
0.3648766 1.2674816
0.4060444 1.3791135
0.3488941 1.382708
0.2485859 1.035939
0.2196695 1.2619677
0.2192194 1.1829294
0.1965675 1.1428918
0.1683954 0.8613719
0.144089 0.9917483
0.14469 1.123959
0.1316131 1.3659402
0.129549 1.3801253
0.0912061 1.5671533
0.0386884 1.5958464
0.0191965 1.5834262
0.030175 2.0647134
0.0482869 1.8896694
0.0447515 2.0032695
0.1179115 1.6537169
0.1409581 1.9347373
0.0856621 2.0447093
0.0808087 2.5845447
0.1144924 2.6108226
0.184566 2.6980178
0.1237267 2.4628154
0.1340626 2.3026534
0.1395713 2.0237963
0.236197 1.9800598
0.1952082 2.0291605
0.1969227 2.3178639
0.3233611 2.2247093
0.3437168 2.2246226
0.3153816 2.1297949
0.3290022 2.1034418
0.3829112 2.33948
0.2314771 2.3259762
0.364132 2.3389059
0.48884 2.4607494
0.4510006 2.4312219
0.4226466 2.4150229
0.4670726 2.4816687
0.552581 2.5425338
0.5898454 2.4974234
0.4930572 2.4560484
0.4466034 2.4000966
0.4066804 2.3665489
0.5396736 2.3781869
0.5955844 2.4949178
0.6304957 2.4153315
0.6362779 2.3911964
0.6904379 2.4116437
0.6909207 2.5513814
0.7055748 2.5704024
0.9006546 2.6181963
0.9352267 2.817431
0.9272074 2.6409321
0.9561628 2.6411851
0.9483711 2.5966567
0.8117093 2.4863344
0.7645267 2.4334992
0.9813441 2.572876
0.9924994 2.4837689
1.0130148 2.5835979
1.0332907 2.6005875
1.0770129 2.6704473
1.0538711 2.6808368
1.0420384 2.6931737
1.0358671 2.7034276
0.9872315 2.8561353
0.9654322 2.9272092
0.9786243 2.9635156
1.0348836 2.7097297
1.0784022 2.7638935
1.0136291 2.8221761
0.9701765 3.0248431
0.9857991 3.0692215
0.9952225 3.0957171
1.0092131 2.9883225
1.1569425 2.7419813
1.1103221 2.6849808
1.3205335 2.7297347
1.3580227 2.7859493
1.3312755 2.7604128
1.280283 2.7414921
1.1869707 2.7616919
1.3973959 2.8802205
1.3092777 3.0130326
1.2955686 2.9669801
1.2759167 3.1224007
1.2245575 3.0240274
1.258902 3.1625528
1.216521 3.0079629
1.3399084 2.878928
1.1088514 2.8362818
1.0906306 3.0617086
1.1211574 3.2695839
1.162872 3.323426
1.1123318 3.3984378
1.076329 3.3336567
1.0327852 3.3373584
0.8996876 3.3144988
0.8762994 3.3021619
0.6955395 3.293299
0.6026574 3.2493264
0.68899 3.2115616
0.6965248 3.1755895
0.8185029 3.1835225
0.8918257 3.183341
0.9825936 3.1872158
0.954017 3.1395921
0.9072394 3.112713
0.7938098 2.9347698
0.6759594 2.9458211
0.5888561 2.9594579
0.7305294 3.0266701
0.7339263 3.1230135
0.563202 3.1538833
0.5193458 3.1676406
0.6448228 3.2077467
0.5246721 3.1774267
0.4766636 3.2861436
0.4469341 3.3384934
0.2493259 3.0668708
0.2441825 3.0520928
0.1791627 3.2135142
0.1892859 2.9296412
0.222119 2.9466205
0.2654648 2.9059245
0.3707696 3.0139302
0.2643512 2.996765
0.321545 3.0672166
0.4071053 3.258202
0.4612177 3.1826682
0.398052 3.2076761
0.5401742 3.1153799
0.4755225 3.0229469
0.6058641 3.0746532
0.5418634 2.9478193
0.7633014 2.8833048
0.8007119 2.813045
0.7623374 2.7717025
0.7430677 2.7293094
0.6083757 2.5261552
0.5419674 2.5859154
0.6021844 2.6223408
0.7785443 2.8112597
0.7110485 2.8159945
0.3313725 2.7884058
0.4163644 2.8483251
0.3983476 2.935319
0.3296379 2.9090314
0.3557266 2.8381839
0.2653909 2.7155876
0.2944884 2.6584246
0.5248972 2.6157966
0.3532231 2.7576198
0.5385345 2.6554092
0.5965954 2.6335484
0.2882485 2.411517
0.3027044 2.6398998
0.25669 2.7077995
0.2698556 2.8126951
0.2194313 2.7162772
0.2203315 2.653401
0.203952 2.3761477
0.1885182 2.3510055
0.143079 2.3104908
0.2012551 2.6401768
0.2092266 2.8723421
0.1480759 2.91871
0.155223 2.7943007
0.1364095 2.7590027
0.0904059 2.8816032
0.0933299 3.1165799
0.0963734 3.249213
0.0704585 3.0078841
0.0550355 2.8498647
0.0436706 2.0763908
0.0089885 2.4451831
0.0386289 2.6101653
0.0386038 3.0735241
0.0295469 3.2237643
0.0485078 3.3783784
0.0815078 3.3568357
0.1374778 3.2262341
0.1522929 3.229856
0.12814 2.9763964
0.1187231 3.0501736
0.1332355 2.9313322
0.1659399 3.2991313
0.1144505 3.5291013
0.1264442 3.7104187
0.0641991 3.3954114
0.0255343 3.5034294
0.0641972 3.6472079
0.0607319 3.8494452
0.0584617 3.6271275
0.0427515 3.5806453
0.0586529 3.9592871
0.0 4.338759
0.0091354 4.3179653
0.0438536 4.1391762
0.1104183 3.8891553
0.1112239 3.6559948
0.1581206 3.8760353
0.1619713 3.891016
0.225263 3.8552965
0.2215876 4.1359098
0.2065044 4.1784911
0.1961396 4.2820002
0.0207031 4.358488
0.0191528 4.2934684
0.0179463 4.3699092
0.1328687 4.369421
0.0544363 4.4123839
0.016451 4.4030523
0.0100094 4.5704668
0.1340367 4.4742837
0.1478463 4.4377046
0.214069 4.3965363
0.2243446 4.3788035
0.2666494 4.4367468
0.3507063 4.4368538
0.3308823 4.419261
0.3145494 4.1651328
0.2627099 4.2163457
0.2917591 4.0958411
0.3720569 4.0155875
0.439778 4.0550168
0.4357081 4.06799
0.4180878 4.1199515
0.3749102 4.2436558
0.3889544 4.399976
0.4405298 4.2322422
0.4441812 4.0946712
0.5617449 4.2108253
0.614292 4.1588407
0.612816 4.1386749
0.5964963 4.1004595
0.6529846 4.1703233
0.6933947 4.0391395
0.5433842 3.8575787
0.6159887 3.9633936
0.5606782 4.0354857
0.5122298 3.9034382
0.4404616 3.7599286
0.3435992 3.7899869
0.2928991 3.8404069
0.2670683 3.8730157
0.3657811 3.5046858
0.3300985 3.5445646
0.2142544 3.7858771
0.189615 3.8609722
0.1577613 3.8288482
0.1909571 3.6612486
0.1612459 3.4777934
0.3261642 3.2268857
0.3323179 3.3438226
0.3759495 3.4196867
0.3755907 3.3632165
0.4142982 3.620401
0.4219078 3.6420857
0.4560511 3.6264528
0.5763322 3.7940292
0.6230455 3.7001904
0.7031061 3.7534324
0.7040629 3.804303
0.7370062 3.8761873
0.9446598 3.7487868
0.9768935 3.7746629
0.9212395 3.9117181
0.8975024 3.9664312
0.8871113 3.9840089
0.8638411 4.0167534
0.796094 3.9923094
0.7997568 4.2079636
0.8556519 4.2618046
0.7152388 4.2070374
0.7256813 3.9668182
0.7193988 4.0967901
0.6928318 4.1500672
0.5535764 4.2899646
0.5828079 4.3844771
0.6420548 4.4295574
0.5966701 4.4350669
0.6468692 4.5251417
0.6751262 4.6278518
0.6621932 4.6294886
0.613098 4.5976352
0.6163759 4.5336321
0.5531192 4.4476489
0.4909494 4.4202176
0.570473 4.5788657
0.6102366 4.6313967
0.490349 4.716614
0.3006228 4.6338407
0.3336044 4.6456037
0.460125 4.6685611
0.4558622 4.556764
0.2980026 4.6080501
0.4418142 4.495718
0.4826588 4.5089676
0.4040997 4.4490861
0.4504823 4.4753257
0.3948478 4.4117564
0.3213838 4.5058239
0.1461359 4.5607999
0.0301836 4.6396903
0.0781565 4.6593329
0.0707068 4.7105133
0.1853664 4.6261077
0.1447754 4.7543647
0.1193092 4.7316813
0.0307093 4.7328857
0.1730358 4.7747939
0.2159975 4.7785804
0.181889 4.8046109
0.2261859 4.8728665
0.3502068 4.7408964
0.5371889 4.7979076
0.572692 4.7556748
0.6326101 4.7700601
0.6788244 4.8058838
0.8871371 4.7858637
0.8786766 4.7635899
1.1260262 4.7128597
0.9191859 4.6558829
0.9014818 4.4673273
0.8467191 4.3759122
0.8577404 4.5115187
0.8807296 4.6454863
0.8246521 4.6664557
0.8359727 4.6790375
0.711886 4.7050524
0.8098125 4.5508317
0.8024859 4.5195818
0.7210925 4.4758907
0.6567034 4.3614324
0.7723055 4.3881886
0.8654004 4.3671391
0.8996981 4.3750404
1.046643 4.39189
0.9477007 4.3952091
1.2526721 4.4707465
1.1601712 4.4287835
1.4702433 4.4340679
1.2012117 4.4100678
1.6011928 4.4185277
1.4848453 4.4534033
1.4473738 4.5214212
1.4654689 4.5400903
1.5102374 4.5138343
1.6009341 4.4589054
1.6897492 4.4340451
1.7015259 4.4069441
1.7161723 4.3690521
1.7475397 4.2807267
1.8151072 4.3718401
1.8771558 4.3698841
1.8910905 4.3529352
2.0403619 4.4533752
2.1831467 4.4297312
2.1544767 4.4512201
2.1179566 4.5099303
2.0318065 4.5343601
2.062321 4.5368153
1.9819881 4.6880853
1.8751781 4.784611
1.8389437 4.777175
1.9237265 4.6847817
1.6834937 4.8059021
1.7063427 4.6991416
1.6302338 4.6507508
1.8765707 4.6135104
1.8358288 4.5565463
1.8213919 4.5391915
1.6771558 4.4827534
1.6191364 4.4687677
1.6183382 4.469262
1.5717157 4.5443243
1.338861 4.5490975
1.3261001 4.5317594
1.2221258 4.4909429
1.2338038 4.5505185
0.988077 4.6529921
1.0356351 4.6502189
1.0896977 4.6306467
1.1644876 4.6269094
1.6286022 4.6418074
1.3533075 4.6478482
1.5274436 4.7703565
1.6669442 4.8079452
1.5458837 4.8248864
0.8819796 4.903562
0.8883781 4.8938872
1.0219216 4.8382691
1.1172017 4.8478585
1.1454076 4.8571287
1.5344503 4.8185011
1.1833624 4.7215929
0.8882118 4.8005654
0.525114 4.8136637
0.5291282 4.9529457
0.5151669 4.9064397
0.426837 4.8352656
0.4166317 4.8061052
0.1224737 4.9268925
0.4307783 4.9187508
0.4189407 4.9735261
0.2762802 4.9797958
0.4368538 4.9910875
0.7089236 4.9879414
0.7242058 4.9708538
1.2558263 4.9025331
1.0801363 4.9521551
0.9220644 4.9582582
0.8279039 4.9854881
1.1182028 5.0
1.4955179 4.9075938
1.4324038 4.9043869
1.4247254 4.9192172
1.3235849 4.9475895
1.3120692 4.9009018
1.6564193 4.8894835
1.7162387 4.8678576
1.7153329 4.8534541
1.8712753 4.8170819
1.955347 4.9251079
2.1918217 4.8845624
2.2242237 4.9259546
2.2345756 4.9640841
2.5215352 4.8804628
2.6167217 4.855738
2.5460157 4.8423653
2.3447023 4.8198021
2.2257251 4.727156
2.1543995 4.8123399
2.1720579 4.8147547
2.1676361 4.8332609
2.0471221 4.8402413
2.0808758 4.7129147
2.0773655 4.6858444
2.1333796 4.6817948
2.4433922 4.720064
2.4666346 4.7361672
2.7272917 4.7409908
2.6584933 4.7490511
2.9478986 4.769961
2.7997468 4.7255156
2.5911217 4.6827032
2.7731145 4.7248909
2.4733894 4.6698429
2.5393223 4.6752246
2.5834622 4.6593341
2.8455766 4.7140227
2.6709047 4.6204109
2.5082296 4.5994046
2.3026033 4.6380714
2.3259197 4.6639863
2.2089522 4.6481049
2.1220855 4.6212747
2.1302517 4.5907759
2.2014724 4.6387177
2.2475322 4.6045213
2.2108659 4.5647897
2.1626428 4.54303
2.1662743 4.46998
2.4216448 4.5409001
2.4924437 4.5686795
2.4883179 4.5603334
2.8393867 4.5198177
2.5338707 4.532999
2.6699071 4.5006968
2.65423 4.4576521
2.6919105 4.3865885
2.6095841 4.3849469
2.45485 4.4298633
2.5590554 4.3917918
2.4824533 4.3695498
2.3136584 4.3434639
2.1897232 4.403668
2.2079731 4.3352182
2.1620479 4.2010182
2.0840219 4.2938914
2.0757225 4.2855602
2.1283388 4.1724158
2.1799504 4.1193356
2.2898197 4.2539936
2.2282873 4.1742714
2.2438791 4.171095
2.3253574 4.1926966
2.368036 4.1305084
2.3135913 4.0351017
2.2482046 4.044178
2.1435721 4.0584209
2.1158243 4.128135
1.9886542 4.0709332
2.1315553 3.8285943
2.1575343 3.755342
2.0291285 3.6944198
2.0137506 3.6832922
1.9576163 3.6859377
1.9398506 3.6674926
1.8653029 3.6461249
1.9332058 3.7051947
1.9268392 3.7931835
2.074359 3.9204878
1.8698429 4.0039839
1.8199424 3.9718349
1.7351004 3.8940662
1.7381596 3.7546239
1.7148089 3.7327356
1.6489687 3.6762543
1.8148378 3.5945974
1.8163713 3.7577914
1.8773642 3.7296123
1.8488397 3.6369893
1.8483028 3.5778214
1.8484514 3.5314523
1.8808898 3.4764293
1.9176591 3.6023213
2.0177604 3.6063359
1.9739387 3.6254799
2.0268035 3.6133154
2.0759678 3.6199671
2.0573951 3.6621263
2.1623811 3.666702
2.2198673 3.5510207
2.374822 3.6636812
2.3680601 3.8141788
2.4368665 3.8124313
2.4059637 3.7360721
2.4379158 3.635742
2.7414338 3.819049
2.6729175 3.8564003
2.7185517 3.8880401
2.5854497 3.87248
2.5864298 3.8874169
2.5366727 3.9119102
2.4663008 3.7863833
2.4595351 3.874243
2.3626441 3.9483519
2.2968799 3.9176183
2.3298571 3.871351
2.3461867 3.8373992
2.2753807 3.7723386
2.2803765 3.7333535
2.2550386 3.6791742
2.192958 3.6828198
2.183127 3.694161
2.1603451 3.7562425
2.2312667 3.7268151
2.2642225 3.8510735
2.2310233 3.7916807
2.1099138 3.9248188
2.1738221 3.9894183
2.2914456 3.9755705
2.389221 4.065908
2.3900429 4.1580763
2.3900754 4.2175022
2.3421272 4.2522255
2.3679494 4.3097012
2.361252 4.321493
2.5842958 4.3561728
2.7011006 4.3725173
2.6425784 4.3406473
2.6885096 4.3048127
2.8002184 4.2922356
2.8195167 4.2923842
2.8940749 4.2402792
2.8436647 4.1523382
2.9712549 4.1540795
3.0230108 4.1970438
3.0623061 4.1848383
3.1710219 4.1743269
3.1683016 4.3465272
3.1091909 4.3163426
3.0529579 4.2763907
2.9145914 4.2333962
2.8770636 4.3136129
2.8279429 4.3589562
2.7413651 4.4068818
3.0320923 4.3142493
3.0530312 4.3601915
3.1889448 4.4080218
2.9905931 4.5022358
2.9589006 4.5053524
2.9893506 4.5805334
2.8907792 4.635725
