89
0.231 0.469
0.255 0.476
0.161 0.479
0.271 0.507
0.155 0.867
0.158 0.883
0.155 0.955
0.115 0.939
0.158 0.987
0.185 1.0
0.174 0.983
0.289 0.813
0.257 0.714
0.289 0.708
0.363 0.856
0.404 0.953
0.423 0.997
0.506 0.909
0.517 0.978
0.782 0.978
0.624 0.972
0.599 0.941
0.588 0.795
0.556 0.679
0.544 0.51
0.485 0.522
0.466 0.787
0.444 0.72
0.377 0.775
0.341 0.596
0.292 0.49
0.343 0.409
0.255 0.349
0.244 0.335
0.31 0.275
0.297 0.198
0.329 0.251
0.353 0.298
0.35 0.337
0.62 0.168
0.545 0.424
0.676 0.36
0.692 0.32
0.917 0.11
0.954 0.413
0.846 0.266
0.881 0.179
0.737 0.413
0.653 0.538
0.594 0.72
0.627 0.733
0.694 0.857
0.956 0.967
0.852 0.79
0.828 0.595
0.833 0.539
0.83 0.468
0.811 0.337
0.881 0.385
0.911 0.419
0.88 0.455
0.89 0.636
1.0 0.728
0.998 0.649
0.975 0.343
0.938 0.171
0.991 0.0
0.37 0.017
0.725 0.078
0.652 0.144
0.561 0.131
0.435 0.13
0.349 0.146
0.229 0.048
0.152 0.257
0.141 0.165
0.003 0.308
0.074 0.25
0.092 0.247
0.132 0.375
0.036 0.359
0.028 0.426
0.0 0.753
0.033 0.809
0.063 0.697
0.186 0.52
0.042 0.628
0.144 0.377
0.236 0.362
